A:7.90/8=0.9875
B:7.81/8=0.97625
C:7.79/8=0.97375
D:8.16/8=1.02     QR
E:8.11/8=1.01375  QR
F:8.01/8=1.00125
G:7.93/8=0.99125  QR main
H:8.00/8=1        开关
I:7.78/8=0.9725   马达驱动A
J:7.86/8=0.9825
K:7.93/8=0.99125  小车
L:8.02/8=1.0025
M:7.79/8=0.97375
N:8.10/8=1.0125   QR
O:7.88/8=0.985
P:8.15/8=1.01875  QR
Q:7.85/8=0.98125
R:7.80/8=0.975
18
8 1 2 3 4 2
缺2片

pro micro No 1:16.06


0.9464
1.05