A:7.90/8=0.9875
B:7.81/8=0.97625
C:7.79/8=0.97375
D:8.16/8=1.02
E:8.11/8=1.01375
F:8.01/8=1.00125
G:7.93/8=0.99125
H:8.00/8=1
I:7.78/8=0.9725
J:7.86/8=0.9825
K:7.93/8=0.99125
L:8.02/8=1.0025
M:7.79/8=0.97375

0.9464
1.05