m=120 前剪掉
c:00015	v:00619	m:00174	u:00018	d:00015	
c:00015	v:00617	m:00174	u:00018	d:00015	
c:00015	v:00613	m:00174	u:00018	d:00015	
STOP



i:00115	c:00140	v:00140	1:00011	x:00000	
1A 0.8v

i:00109	c:00150	v:00736	1:00066	x:00000	
3.7v 1A


c:00140 -> 1.13A
512


1.1v ref
0.12 Ω
c:   1=1.1v/1024 = 0.0009765625V = 0.00813802083A

v:   1=5v/1024 = 0.0048828125v            3.7v = 758  3v = 614



